Chr,Start,End,Ref,Alt,Gene.refGene,Func.refGene,ExonicFunc.refGene,AAChange.refGene
7,140453136,140453136,A,T,EGFR,exonic,nonsynonymous SNV,EGFR:NM_005228:exon21:c.L858R:p.Leu858Arg
17,7673803,7673803,C,T,TP53,exonic,nonsynonymous SNV,TP53:NM_000546:exon7:c.R248W:p.Arg248Trp
